sync_time : 11.386682271957397
threads_time : 10.921350955963135
procs_time : 3.2636830806732178
